-1.171764638538739156e+01
-1.297849446818022910e-02
-9.084962555361516534e-01
-3.525194967720890471e-02
4.964116626915170372e+01
-3.575370683318964460e+00
-7.580256221569910968e-01
-3.849144591209994748e-01
6.405916101948134767e-01
7.315755654847966127e+01
-2.370472302799039088e+00
5.717171084631290645e-01
-1.302526020625324410e+00
6.242121029930551845e-01
6.496483232483944903e+01
2.149847273655769797e+01
-5.841737574382067777e+01
1.389511072019451454e-01
-1.625921147429890112e+01
-1.317698655191646140e-01
